{
 "cells": [
  {
   "cell_type": "code",
   "execution_count": 1,
   "id": "b15e3b19",
   "metadata": {
    "ExecuteTime": {
     "end_time": "2021-07-04T09:51:29.861671Z",
     "start_time": "2021-07-04T09:51:27.689072Z"
    }
   },
   "outputs": [
    {
     "name": "stderr",
     "output_type": "stream",
     "text": [
      "INFO:vrpy.vrp:new upper bound : max num stops = 52\n"
     ]
    },
    {
     "name": "stdout",
     "output_type": "stream",
     "text": [
      "138914\n",
      "{0: ['Source', 132, 183, 'Sink'], 1: ['Source', 3, 49, 191, 'Sink'], 2: ['Source', 136, 150, 'Sink'], 3: ['Source', 94, 133, 116, 161, 'Sink'], 4: ['Source', 178, 179, 'Sink'], 5: ['Source', 125, 30, 34, 110, 96, 141, 151, 'Sink'], 6: ['Source', 98, 111, 51, 121, 29, 17, 68, 72, 'Sink'], 7: ['Source', 57, 146, 'Sink'], 8: ['Source', 58, 144, 'Sink'], 9: ['Source', 109, 16, 47, 62, 'Sink'], 10: ['Source', 140, 124, 18, 50, 126, 181, 'Sink'], 11: ['Source', 48, 10, 119, 23, 159, 19, 20, 137, 153, 127, 59, 184, 91, 148, 'Sink'], 12: ['Source', 138, 104, 162, 'Sink'], 13: ['Source', 61, 63, 95, 115, 'Sink'], 14: ['Source', 89, 21, 40, 185, 'Sink'], 15: ['Source', 64, 74, 108, 107, 143, 'Sink'], 16: ['Source', 105, 106, 'Sink'], 17: ['Source', 67, 65, 70, 170, 'Sink'], 18: ['Source', 66, 100, 37, 139, 'Sink'], 19: ['Source', 28, 142, 14, 15, 149, 155, 26, 38, 22, 24, 69, 'Sink'], 20: ['Source', 156, 172, 79, 147, 'Sink'], 21: ['Source', 88, 44, 27, 6, 157, 174, 175, 182, 'Sink'], 22: ['Source', 78, 84, 31, 32, 35, 80, 117, 'Sink'], 23: ['Source', 152, 90, 145, 154, 75, 168, 189, 53, 193, 194, 177, 103, 'Sink'], 24: ['Source', 77, 55, 56, 11, 36, 112, 190, 'Sink'], 25: ['Source', 101, 113, 164, 165, 166, 25, 'Sink'], 26: ['Source', 171, 9, 122, 187, 8, 76, 'Sink'], 27: ['Source', 123, 130, 135, 'Sink'], 28: ['Source', 52, 43, 39, 82, 85, 186, 114, 188, 54, 92, 93, 120, 'Sink'], 29: ['Source', 42, 60, 33, 41, 118, 173, 'Sink'], 30: ['Source', 2, 134, 169, 176, 'Sink'], 31: ['Source', 83, 7, 99, 129, 81, 86, 87, 167, 97, 1, 'Sink'], 32: ['Source', 128, 158, 192, 'Sink'], 33: ['Source', 163, 13, 12, 4, 160, 180, 73, 'Sink'], 34: ['Source', 102, 5, 45, 71, 46, 131, 'Sink']}\n"
     ]
    }
   ],
   "source": [
    "import networkx as nx\n",
    "from networkx import DiGraph, from_numpy_matrix, relabel_nodes, set_node_attributes\n",
    "from numpy import array\n",
    "\n",
    "# Distance matrix\n",
    "DISTANCES = [[0.0, 775.0, 1858.0, 856.0, 2719.0, 2384.0, 1552.0, 956.0, 1449.0, 1452.0, 1073.0, 882.0, 2551.0, 1835.0, 1046.0, 1105.0, 1751.0, 1429.0, 1322.0, 2712.0, 2692.0, 1513.0, 1461.0, 2426.0, 1342.0, 2043.0, 1613.0, 1296.0, 732.0, 1392.0, 627.0, 2261.0, 2256.0, 1474.0, 1413.0, 2220.0, 2500.0, 1198.0, 1778.0, 2311.0, 1472.0, 1485.0, 1459.0, 1941.0, 1101.0, 2396.0, 2322.0, 1769.0, 392.0, 1447.0, 1527.0, 1689.0, 1881.0, 1236.0, 2189.0, 388.0, 450.0, 629.0, 825.0, 2334.0, 1467.0, 1738.0, 1374.0, 1667.0, 1194.0, 1015.0, 1495.0, 995.0, 958.0, 825.0, 1050.0, 2438.0, 997.0, 866.0, 1132.0, 1703.0, 1377.0, 348.0, 1720.0, 2325.0, 2447.0, 1417.0, 2633.0, 752.0, 1763.0, 2654.0, 1350.0, 1329.0, 1166.0, 1351.0, 1110.0, 2012.0, 2091.0, 1805.0, 2288.0, 1775.0, 1822.0, 938.0, 1699.0, 1313.0, 1550.0, 2054.0, 1860.0, 628.0, 1368.0, 1926.0, 1946.0, 1082.0, 1141.0, 1797.0, 1528.0, 1950.0, 2495.0, 2508.0, 2396.0, 1182.0, 2226.0, 2044.0, 1642.0, 2016.0, 794.0, 1641.0, 1516.0, 1199.0, 1041.0, 356.0, 1277.0, 2447.0, 1810.0, 1453.0, 1211.0, 2049.0, 2347.0, 2406.0, 1987.0, 1151.0, 1039.0, 2718.0, 1311.0, 490.0, 896.0, 1732.0, 842.0, 965.0, 872.0, 1065.0, 673.0, 2200.0, 1802.0, 1454.0, 1023.0, 1611.0, 947.0, 2484.0, 1403.0, 1703.0, 2953.0, 1656.0, 1964.0, 2520.0, 2632.0, 1425.0, 1437.0, 1596.0, 2614.0, 2634.0, 2574.0, 1345.0, 1662.0, 2105.0, 725.0, 1586.0, 2448.0, 1513.0, 1669.0, 1581.0, 2350.0, 892.0, 363.0, 349.0, 2177.0, 1387.0, 1343.0, 2309.0, 2229.0, 1100.0, 2726.0, 1550.0, 2294.0, 1294.0, 1457.0, 1350.0, 1377.0, 1338.0, 921.0, 0.0], [0.0, 0.0, 1921.0, 81.0, 2243.0, 2447.0, 1615.0, 452.0, 1000.0, 1003.0, 597.0, 945.0, 2075.0, 1358.0, 565.0, 623.0, 986.0, 980.0, 1385.0, 2355.0, 2374.0, 1083.0, 985.0, 1950.0, 866.0, 1567.0, 1085.0, 1359.0, 383.0, 943.0, 156.0, 2324.0, 2319.0, 1025.0, 648.0, 2283.0, 2284.0, 768.0, 1302.0, 2375.0, 1042.0, 1036.0, 1021.0, 2004.0, 1165.0, 2459.0, 2385.0, 1004.0, 468.0, 672.0, 1590.0, 1115.0, 1944.0, 1276.0, 2252.0, 651.0, 590.0, 280.0, 889.0, 2397.0, 1018.0, 973.0, 609.0, 1065.0, 1214.0, 1035.0, 1066.0, 1015.0, 509.0, 450.0, 1070.0, 2501.0, 548.0, 492.0, 1152.0, 1536.0, 928.0, 692.0, 1783.0, 1848.0, 2510.0, 641.0, 2696.0, 248.0, 1826.0, 2718.0, 575.0, 554.0, 1229.0, 921.0, 1130.0, 2075.0, 2154.0, 1868.0, 1812.0, 1173.0, 1051.0, 162.0, 924.0, 706.0, 1112.0, 1578.0, 1923.0, 668.0, 919.0, 1990.0, 2009.0, 1102.0, 1161.0, 1032.0, 757.0, 1175.0, 2279.0, 2031.0, 2459.0, 416.0, 1750.0, 2107.0, 1193.0, 1539.0, 857.0, 1192.0, 1067.0, 769.0, 1104.0, 419.0, 1340.0, 2510.0, 1873.0, 677.0, 789.0, 2112.0, 2410.0, 1929.0, 2050.0, 849.0, 264.0, 2781.0, 862.0, 495.0, 959.0, 961.0, 467.0, 986.0, 935.0, 1085.0, 324.0, 1724.0, 1865.0, 861.0, 248.0, 840.0, 967.0, 2547.0, 1236.0, 1108.0, 2477.0, 1719.0, 2027.0, 2043.0, 2156.0, 949.0, 988.0, 1120.0, 2138.0, 2158.0, 2098.0, 569.0, 1495.0, 2168.0, 745.0, 1137.0, 1972.0, 1065.0, 1732.0, 1644.0, 2413.0, 933.0, 877.0, 863.0, 1701.0, 1450.0, 1406.0, 2373.0, 2292.0, 671.0, 2789.0, 1102.0, 2357.0, 1264.0, 1521.0, 574.0, 1440.0, 1378.0, 961.0, 775.0], [0.0, 1921.0, 0.0, 2002.0, 1837.0, 712.0, 787.0, 2102.0, 2595.0, 2598.0, 2316.0, 977.0, 1669.0, 2032.0, 2344.0, 2403.0, 2897.0, 2575.0, 1291.0, 923.0, 904.0, 2257.0, 2049.0, 1056.0, 2167.0, 1423.0, 2334.0, 821.0, 2031.0, 2538.0, 1773.0, 839.0, 834.0, 2620.0, 2559.0, 798.0, 694.0, 2344.0, 2366.0, 1431.0, 2216.0, 2631.0, 2605.0, 1061.0, 878.0, 724.0, 650.0, 2915.0, 1721.0, 2593.0, 1341.0, 2835.0, 1001.0, 1508.0, 1309.0, 1474.0, 1413.0, 1928.0, 1318.0, 758.0, 2613.0, 2735.0, 2520.0, 2649.0, 1868.0, 1688.0, 2240.0, 1668.0, 2104.0, 2123.0, 1723.0, 765.0, 2144.0, 2164.0, 1805.0, 2161.0, 2523.0, 1515.0, 298.0, 1443.0, 1025.0, 2563.0, 1753.0, 1899.0, 341.0, 1774.0, 2497.0, 2476.0, 1069.0, 2166.0, 1561.0, 541.0, 1210.0, 925.0, 1489.0, 2757.0, 2968.0, 2084.0, 2845.0, 2460.0, 2525.0, 1335.0, 187.0, 1258.0, 2514.0, 1315.0, 1335.0, 1755.0, 1814.0, 2943.0, 2674.0, 3097.0, 689.0, 887.0, 1516.0, 2328.0, 1662.0, 622.0, 2788.0, 1374.0, 1064.0, 2787.0, 2662.0, 1905.0, 1312.0, 1502.0, 1246.0, 889.0, 388.0, 2599.0, 1885.0, 377.0, 925.0, 1371.0, 128.0, 1824.0, 2185.0, 1060.0, 2457.0, 1636.0, 1167.0, 2878.0, 2140.0, 1639.0, 1365.0, 1516.0, 1972.0, 1301.0, 381.0, 2339.0, 2169.0, 2757.0, 1353.0, 812.0, 1861.0, 2565.0, 2071.0, 753.0, 542.0, 883.0, 1750.0, 1970.0, 2583.0, 1793.0, 1048.0, 1068.0, 1008.0, 2491.0, 2120.0, 297.0, 1464.0, 2732.0, 1566.0, 2660.0, 846.0, 758.0, 542.0, 1164.0, 1960.0, 1946.0, 1562.0, 1418.0, 820.0, 888.0, 618.0, 2038.0, 1846.0, 2697.0, 1413.0, 1681.0, 846.0, 2496.0, 482.0, 1610.0, 1193.0, 1858.0], [0.0, 81.0, 2002.0, 0.0, 2324.0, 2528.0, 1696.0, 532.0, 1081.0, 1084.0, 678.0, 1026.0, 2156.0, 1439.0, 645.0, 704.0, 1066.0, 1061.0, 1466.0, 2436.0, 2455.0, 1164.0, 1065.0, 2030.0, 947.0, 1648.0, 1166.0, 1440.0, 464.0, 1024.0, 237.0, 2405.0, 2400.0, 1106.0, 729.0, 2364.0, 2365.0, 849.0, 1383.0, 2455.0, 1123.0, 1117.0, 1102.0, 2085.0, 1245.0, 2540.0, 2466.0, 1085.0, 549.0, 752.0, 1671.0, 1196.0, 2025.0, 1357.0, 2333.0, 732.0, 671.0, 361.0, 969.0, 2478.0, 1099.0, 1054.0, 689.0, 1146.0, 1295.0, 1116.0, 1146.0, 1096.0, 590.0, 531.0, 1151.0, 2582.0, 629.0, 573.0, 1233.0, 1617.0, 1009.0, 772.0, 1864.0, 1929.0, 2591.0, 722.0, 2777.0, 329.0, 1907.0, 2798.0, 656.0, 635.0, 1310.0, 1002.0, 1211.0, 2156.0, 2235.0, 1949.0, 1893.0, 1254.0, 1132.0, 243.0, 1005.0, 787.0, 1193.0, 1659.0, 2004.0, 749.0, 1000.0, 2070.0, 2090.0, 1183.0, 1242.0, 1113.0, 838.0, 1256.0, 2360.0, 2112.0, 2540.0, 497.0, 1831.0, 2188.0, 1274.0, 1620.0, 938.0, 1273.0, 1148.0, 850.0, 1185.0, 500.0, 1421.0, 2591.0, 1954.0, 758.0, 870.0, 2193.0, 2491.0, 2010.0, 2131.0, 930.0, 345.0, 2862.0, 943.0, 576.0, 1040.0, 1042.0, 548.0, 1066.0, 1016.0, 1166.0, 404.0, 1805.0, 1946.0, 942.0, 329.0, 921.0, 1048.0, 2628.0, 1317.0, 1189.0, 2558.0, 1800.0, 2108.0, 2124.0, 2237.0, 1030.0, 1069.0, 1201.0, 2219.0, 2239.0, 2179.0, 650.0, 1575.0, 2249.0, 826.0, 1218.0, 2053.0, 1145.0, 1813.0, 1725.0, 2494.0, 1013.0, 958.0, 944.0, 1781.0, 1531.0, 1487.0, 2453.0, 2373.0, 752.0, 2870.0, 1182.0, 2438.0, 1345.0, 1601.0, 655.0, 1521.0, 1459.0, 1042.0, 856.0], [0.0, 2243.0, 1837.0, 2324.0, 0.0, 1580.0, 2572.0, 2568.0, 2849.0, 2852.0, 1646.0, 2762.0, 465.0, 1362.0, 1836.0, 1895.0, 2336.0, 2781.0, 3076.0, 1279.0, 1299.0, 3199.0, 1379.0, 874.0, 1497.0, 809.0, 1664.0, 2606.0, 2131.0, 2744.0, 2245.0, 2119.0, 2114.0, 2985.0, 2422.0, 2078.0, 1208.0, 2850.0, 1696.0, 3217.0, 3158.0, 2996.0, 2981.0, 2846.0, 2663.0, 1592.0, 1518.0, 2355.0, 2398.0, 2461.0, 3127.0, 2884.0, 2786.0, 3293.0, 3094.0, 2747.0, 2686.0, 2091.0, 2985.0, 1903.0, 2978.0, 2065.0, 2006.0, 1979.0, 3331.0, 3151.0, 3036.0, 3131.0, 2625.0, 1894.0, 3186.0, 1634.0, 2665.0, 1853.0, 3268.0, 3652.0, 2778.0, 2788.0, 1978.0, 432.0, 2305.0, 2431.0, 3538.0, 2365.0, 1935.0, 3560.0, 2364.0, 2343.0, 2854.0, 3038.0, 3246.0, 1686.0, 2996.0, 2710.0, 1026.0, 2087.0, 2811.0, 2125.0, 2693.0, 2496.0, 3072.0, 682.0, 1784.0, 2784.0, 2769.0, 3100.0, 3120.0, 3218.0, 3277.0, 2382.0, 2517.0, 2944.0, 1203.0, 956.0, 3301.0, 2109.0, 964.0, 1902.0, 3153.0, 721.0, 2850.0, 2993.0, 2916.0, 2886.0, 3097.0, 2515.0, 3032.0, 1843.0, 2173.0, 2467.0, 2906.0, 1594.0, 2205.0, 1143.0, 1709.0, 2966.0, 2087.0, 1737.0, 2711.0, 2612.0, 2952.0, 2721.0, 2028.0, 3102.0, 3031.0, 3202.0, 2135.0, 537.0, 1896.0, 1669.0, 2104.0, 2600.0, 3083.0, 1680.0, 3352.0, 1895.0, 1061.0, 2539.0, 2159.0, 968.0, 271.0, 1300.0, 2837.0, 1123.0, 1062.0, 1082.0, 1022.0, 2359.0, 3611.0, 1669.0, 2861.0, 2987.0, 555.0, 3016.0, 2631.0, 2543.0, 1914.0, 2950.0, 2821.0, 2807.0, 551.0, 3204.0, 2605.0, 2168.0, 1763.0, 2787.0, 3631.0, 2951.0, 3199.0, 3380.0, 2631.0, 2364.0, 2267.0, 3395.0, 2979.0, 2719.0], [0.0, 2447.0, 712.0, 2528.0, 1580.0, 0.0, 1313.0, 2628.0, 3121.0, 3124.0, 2059.0, 1502.0, 1412.0, 1775.0, 2249.0, 2307.0, 2749.0, 3101.0, 1817.0, 503.0, 483.0, 2783.0, 1792.0, 799.0, 1910.0, 1166.0, 2077.0, 1347.0, 2544.0, 3064.0, 2298.0, 818.0, 829.0, 3146.0, 2834.0, 792.0, 437.0, 2870.0, 2109.0, 1957.0, 2742.0, 3156.0, 3131.0, 1586.0, 1404.0, 187.0, 198.0, 2768.0, 2247.0, 2874.0, 1867.0, 3297.0, 1526.0, 2033.0, 1834.0, 2000.0, 1939.0, 2453.0, 1844.0, 508.0, 3139.0, 2478.0, 2419.0, 2392.0, 2393.0, 2214.0, 2766.0, 2194.0, 2630.0, 2307.0, 2249.0, 267.0, 2669.0, 2266.0, 2331.0, 2687.0, 3049.0, 2040.0, 718.0, 1185.0, 1045.0, 2844.0, 2279.0, 2424.0, 675.0, 2300.0, 2777.0, 2756.0, 1595.0, 2692.0, 2086.0, 427.0, 1736.0, 1451.0, 1232.0, 2500.0, 3224.0, 2538.0, 3106.0, 2909.0, 3051.0, 1078.0, 524.0, 1783.0, 3040.0, 1840.0, 1860.0, 2281.0, 2340.0, 2795.0, 2930.0, 3357.0, 432.0, 630.0, 2041.0, 2522.0, 1405.0, 643.0, 3314.0, 1117.0, 1590.0, 3313.0, 3188.0, 2430.0, 1838.0, 2028.0, 1772.0, 447.0, 913.0, 2880.0, 2410.0, 335.0, 946.0, 1114.0, 625.0, 2350.0, 2500.0, 523.0, 2983.0, 2162.0, 1692.0, 3134.0, 2441.0, 2164.0, 1890.0, 2042.0, 2497.0, 1044.0, 636.0, 2082.0, 2517.0, 3013.0, 1878.0, 275.0, 2387.0, 2308.0, 1814.0, 1279.0, 899.0, 626.0, 1493.0, 1713.0, 3108.0, 1536.0, 791.0, 811.0, 751.0, 2771.0, 2646.0, 584.0, 1990.0, 3258.0, 1309.0, 3185.0, 1372.0, 1284.0, 830.0, 1690.0, 2486.0, 2472.0, 1305.0, 1944.0, 1345.0, 908.0, 367.0, 2564.0, 2372.0, 3222.0, 1939.0, 2207.0, 1371.0, 2777.0, 1007.0, 2136.0, 1719.0, 2384.0], [0.0, 1615.0, 787.0, 1696.0, 2572.0, 1313.0, 0.0, 1795.0, 2288.0, 2291.0, 2064.0, 670.0, 2404.0, 2767.0, 2038.0, 2096.0, 2590.0, 2268.0, 506.0, 1640.0, 1621.0, 1950.0, 2452.0, 1791.0, 2334.0, 2158.0, 2604.0, 293.0, 1725.0, 2231.0, 1466.0, 1189.0, 1185.0, 2313.0, 2252.0, 1148.0, 1429.0, 2038.0, 2769.0, 853.0, 1909.0, 2324.0, 2298.0, 483.0, 571.0, 1325.0, 1250.0, 2609.0, 1415.0, 2286.0, 556.0, 2528.0, 423.0, 1201.0, 731.0, 1168.0, 1106.0, 1621.0, 1011.0, 1263.0, 2306.0, 2577.0, 2213.0, 2658.0, 1561.0, 1381.0, 1933.0, 1361.0, 1797.0, 1816.0, 1416.0, 1366.0, 1837.0, 1858.0, 1498.0, 1854.0, 2216.0, 1208.0, 649.0, 2178.0, 1376.0, 2256.0, 1175.0, 1592.0, 692.0, 1196.0, 2190.0, 2169.0, 762.0, 1859.0, 1254.0, 940.0, 633.0, 347.0, 2224.0, 2766.0, 2661.0, 1777.0, 2539.0, 2153.0, 2218.0, 2070.0, 788.0, 951.0, 2208.0, 529.0, 549.0, 1448.0, 1507.0, 2636.0, 2367.0, 2790.0, 1424.0, 1622.0, 938.0, 2021.0, 2397.0, 973.0, 2481.0, 2109.0, 758.0, 2480.0, 2355.0, 1598.0, 697.0, 1195.0, 461.0, 1375.0, 738.0, 2292.0, 1578.0, 978.0, 1276.0, 2106.0, 915.0, 1518.0, 1879.0, 1646.0, 2150.0, 1329.0, 842.0, 2571.0, 1833.0, 1332.0, 1058.0, 1209.0, 1665.0, 2036.0, 731.0, 2445.0, 1862.0, 2450.0, 1046.0, 1413.0, 1554.0, 2694.0, 2806.0, 104.0, 892.0, 1618.0, 2485.0, 2417.0, 2276.0, 2528.0, 1783.0, 1803.0, 1743.0, 2184.0, 1813.0, 1033.0, 1157.0, 2426.0, 2301.0, 2353.0, 117.0, 29.0, 1278.0, 858.0, 1653.0, 1639.0, 2297.0, 633.0, 513.0, 1238.0, 1158.0, 1731.0, 1268.0, 2390.0, 836.0, 1375.0, 539.0, 2189.0, 412.0, 1303.0, 886.0, 1552.0], [0.0, 452.0, 2102.0, 532.0, 2568.0, 2628.0, 1795.0, 0.0, 735.0, 738.0, 922.0, 1125.0, 2400.0, 1683.0, 895.0, 954.0, 1437.0, 715.0, 1565.0, 2680.0, 2699.0, 836.0, 1309.0, 2274.0, 1191.0, 1892.0, 1462.0, 1539.0, 604.0, 678.0, 374.0, 2504.0, 2499.0, 760.0, 1099.0, 2463.0, 2609.0, 503.0, 1627.0, 2555.0, 795.0, 770.0, 756.0, 2185.0, 1345.0, 2640.0, 2565.0, 1456.0, 689.0, 935.0, 1771.0, 975.0, 2125.0, 1174.0, 2432.0, 832.0, 770.0, 500.0, 1069.0, 2578.0, 753.0, 1424.0, 1060.0, 1515.0, 1185.0, 1005.0, 811.0, 985.0, 244.0, 673.0, 1040.0, 2681.0, 283.0, 715.0, 1122.0, 1289.0, 663.0, 872.0, 1964.0, 2173.0, 2690.0, 903.0, 2877.0, 203.0, 2007.0, 2898.0, 1027.0, 1006.0, 1409.0, 675.0, 1097.0, 2255.0, 2334.0, 2049.0, 2137.0, 1623.0, 1503.0, 614.0, 1166.0, 599.0, 847.0, 1903.0, 2103.0, 848.0, 654.0, 2170.0, 2190.0, 1072.0, 1132.0, 1483.0, 1209.0, 1257.0, 2604.0, 2356.0, 2639.0, 868.0, 2075.0, 2288.0, 928.0, 1864.0, 1037.0, 927.0, 802.0, 523.0, 1285.0, 600.0, 1520.0, 2690.0, 2053.0, 808.0, 543.0, 2293.0, 2591.0, 2254.0, 2230.0, 603.0, 715.0, 2961.0, 597.0, 466.0, 1139.0, 1413.0, 690.0, 956.0, 1115.0, 932.0, 544.0, 2049.0, 2046.0, 1303.0, 699.0, 1292.0, 937.0, 2728.0, 990.0, 1551.0, 2802.0, 1899.0, 2207.0, 2368.0, 2481.0, 1274.0, 723.0, 1445.0, 2463.0, 2483.0, 2423.0, 1021.0, 1248.0, 2348.0, 715.0, 872.0, 2297.0, 799.0, 1912.0, 1824.0, 2593.0, 1113.0, 1057.0, 1043.0, 2025.0, 1630.0, 1587.0, 2553.0, 2473.0, 424.0, 2970.0, 836.0, 2537.0, 1017.0, 1701.0, 927.0, 1620.0, 1394.0, 1097.0, 956.0], [0.0, 1000.0, 2595.0, 1081.0, 2849.0, 3121.0, 2288.0, 735.0, 0.0, 141.0, 1203.0, 1618.0, 2681.0, 1964.0, 1171.0, 1229.0, 1384.0, 486.0, 2058.0, 2961.0, 2981.0, 1033.0, 1591.0, 2556.0, 1472.0, 2173.0, 1531.0, 2032.0, 1149.0, 449.0, 920.0, 2997.0, 2992.0, 267.0, 1046.0, 2956.0, 2890.0, 550.0, 1908.0, 3048.0, 992.0, 257.0, 470.0, 2677.0, 1838.0, 3133.0, 3058.0, 1402.0, 1234.0, 752.0, 2263.0, 746.0, 2617.0, 1511.0, 2925.0, 1325.0, 1263.0, 1046.0, 1562.0, 3070.0, 415.0, 1371.0, 1007.0, 1464.0, 1660.0, 1480.0, 718.0, 1460.0, 491.0, 1222.0, 1515.0, 3174.0, 530.0, 1263.0, 1597.0, 1562.0, 72.0, 1365.0, 2456.0, 2454.0, 3183.0, 674.0, 3370.0, 752.0, 2500.0, 3391.0, 809.0, 830.0, 1902.0, 1012.0, 1434.0, 2748.0, 2827.0, 2542.0, 2418.0, 1572.0, 1447.0, 942.0, 937.0, 370.0, 710.0, 2184.0, 2596.0, 1341.0, 276.0, 2663.0, 2683.0, 1547.0, 1606.0, 1430.0, 1153.0, 1028.0, 2885.0, 2637.0, 3132.0, 863.0, 2356.0, 2781.0, 414.0, 2145.0, 1530.0, 698.0, 121.0, 860.0, 1778.0, 1093.0, 2013.0, 3183.0, 2546.0, 579.0, 880.0, 2786.0, 3084.0, 2535.0, 2723.0, 940.0, 900.0, 3419.0, 218.0, 959.0, 1632.0, 1357.0, 1238.0, 1431.0, 1608.0, 1269.0, 1090.0, 2330.0, 2539.0, 1307.0, 917.0, 1236.0, 1412.0, 3221.0, 1262.0, 1506.0, 3083.0, 2392.0, 2700.0, 2649.0, 2762.0, 1555.0, 344.0, 1726.0, 2744.0, 2764.0, 2704.0, 888.0, 1521.0, 2841.0, 1208.0, 281.0, 2578.0, 228.0, 2405.0, 2317.0, 3086.0, 1606.0, 1550.0, 1536.0, 2307.0, 2123.0, 2080.0, 3046.0, 2966.0, 762.0, 3463.0, 102.0, 3030.0, 1355.0, 2194.0, 744.0, 2113.0, 1731.0, 1572.0, 1449.0], [0.0, 1003.0, 2598.0, 1084.0, 2852.0, 3124.0, 2291.0, 738.0, 141.0, 0.0, 1206.0, 1621.0, 2684.0, 1967.0, 1174.0, 1233.0, 1387.0, 489.0, 2061.0, 2964.0, 2984.0, 969.0, 1594.0, 2559.0, 1475.0, 2176.0, 1534.0, 2035.0, 1152.0, 452.0, 923.0, 3000.0, 2995.0, 204.0, 1049.0, 2959.0, 2893.0, 487.0, 1911.0, 3051.0, 928.0, 193.0, 406.0, 2681.0, 1841.0, 3136.0, 3061.0, 1405.0, 1237.0, 755.0, 2267.0, 749.0, 2621.0, 1514.0, 2928.0, 1328.0, 1266.0, 1049.0, 1565.0, 3074.0, 351.0, 1374.0, 1010.0, 1467.0, 1663.0, 1483.0, 655.0, 1463.0, 494.0, 1225.0, 1518.0, 3177.0, 533.0, 1266.0, 1600.0, 1498.0, 75.0, 1368.0, 2460.0, 2457.0, 3186.0, 677.0, 3373.0, 755.0, 2503.0, 3394.0, 812.0, 833.0, 1905.0, 955.0, 1437.0, 2751.0, 2830.0, 2545.0, 2421.0, 1575.0, 1450.0, 945.0, 940.0, 373.0, 647.0, 2187.0, 2599.0, 1344.0, 279.0, 2666.0, 2686.0, 1550.0, 1609.0, 1433.0, 1156.0, 1031.0, 2888.0, 2640.0, 3135.0, 866.0, 2359.0, 2784.0, 350.0, 2148.0, 1533.0, 701.0, 105.0, 863.0, 1781.0, 1096.0, 2016.0, 3186.0, 2549.0, 582.0, 883.0, 2789.0, 3087.0, 2538.0, 2726.0, 943.0, 903.0, 3422.0, 221.0, 962.0, 1635.0, 1360.0, 1241.0, 1434.0, 1611.0, 1272.0, 1093.0, 2333.0, 2542.0, 1310.0, 920.0, 1239.0, 1415.0, 3224.0, 1199.0, 1509.0, 3086.0, 2395.0, 2703.0, 2653.0, 2765.0, 1558.0, 347.0, 1729.0, 2747.0, 2767.0, 2707.0, 891.0, 1457.0, 2844.0, 1211.0, 240.0, 2581.0, 164.0, 2408.0, 2320.0, 3089.0, 1609.0, 1553.0, 1539.0, 2310.0, 2126.0, 2083.0, 3049.0, 2969.0, 765.0, 3466.0, 206.0, 3033.0, 1358.0, 2197.0, 747.0, 2116.0, 1735.0, 1575.0, 1452.0], [0.0, 597.0, 2316.0, 678.0, 1646.0, 2059.0, 2064.0, 922.0, 1203.0, 1206.0, 0.0, 1395.0, 1478.0, 761.0, 189.0, 248.0, 1012.0, 1135.0, 1835.0, 1758.0, 1778.0, 1553.0, 388.0, 1353.0, 269.0, 970.0, 540.0, 1809.0, 485.0, 1098.0, 599.0, 2598.0, 2593.0, 1339.0, 775.0, 2557.0, 1687.0, 1204.0, 705.0, 2824.0, 1512.0, 1350.0, 1335.0, 2454.0, 1614.0, 2071.0, 1997.0, 1031.0, 751.0, 815.0, 2040.0, 1257.0, 2394.0, 1746.0, 2702.0, 1101.0, 1040.0, 445.0, 1338.0, 2382.0, 1332.0, 741.0, 682.0, 655.0, 1685.0, 1505.0, 1390.0, 1485.0, 979.0, 248.0, 1540.0, 2113.0, 1019.0, 207.0, 1622.0, 2006.0, 1131.0, 1141.0, 2233.0, 1251.0, 2784.0, 785.0, 3146.0, 718.0, 2276.0, 3167.0, 718.0, 697.0, 1678.0, 1391.0, 1600.0, 2165.0, 2604.0, 2318.0, 1215.0, 763.0, 1184.0, 479.0, 1066.0, 850.0, 1426.0, 981.0, 2263.0, 1138.0, 1123.0, 2439.0, 2459.0, 1572.0, 1631.0, 1058.0, 891.0, 1317.0, 1682.0, 1434.0, 2909.0, 544.0, 1153.0, 2381.0, 1507.0, 942.0, 1307.0, 1347.0, 1270.0, 1239.0, 1554.0, 869.0, 1790.0, 2322.0, 2323.0, 821.0, 1259.0, 2073.0, 2684.0, 1332.0, 2188.0, 1320.0, 441.0, 2216.0, 1065.0, 966.0, 1409.0, 1094.0, 382.0, 1456.0, 1385.0, 1556.0, 488.0, 1127.0, 2315.0, 402.0, 458.0, 973.0, 1437.0, 2159.0, 1706.0, 690.0, 1880.0, 2169.0, 2477.0, 1446.0, 1559.0, 352.0, 1191.0, 523.0, 1541.0, 1561.0, 1501.0, 712.0, 1965.0, 2147.0, 1215.0, 1341.0, 1375.0, 1370.0, 2182.0, 2094.0, 2393.0, 1403.0, 1175.0, 1161.0, 1104.0, 1900.0, 1856.0, 2646.0, 2241.0, 1141.0, 3239.0, 1305.0, 2807.0, 1734.0, 1970.0, 718.0, 1890.0, 1848.0, 1432.0, 1073.0], [0.0, 945.0, 977.0, 1026.0, 2762.0, 1502.0, 670.0, 1125.0, 1618.0, 1621.0, 1395.0, 0.0, 2594.0, 2156.0, 1368.0, 1427.0, 1920.0, 1598.0, 616.0, 1830.0, 1810.0, 1280.0, 1782.0, 1980.0, 1664.0, 2347.0, 1935.0, 414.0, 1055.0, 1562.0, 796.0, 1379.0, 1374.0, 1644.0, 1583.0, 1338.0, 1618.0, 1368.0, 2100.0, 1430.0, 1240.0, 1654.0, 1628.0, 1059.0, 220.0, 1514.0, 1440.0, 1939.0, 745.0, 1616.0, 821.0, 1858.0, 999.0, 531.0, 1307.0, 498.0, 436.0, 951.0, 342.0, 1452.0, 1637.0, 1908.0, 1543.0, 1988.0, 891.0, 712.0, 1263.0, 692.0, 1128.0, 1146.0, 747.0, 1556.0, 1167.0, 1188.0, 828.0, 1185.0, 1547.0, 538.0, 838.0, 2367.0, 1565.0, 1586.0, 1751.0, 922.0, 881.0, 1773.0, 1520.0, 1499.0, 284.0, 1190.0, 584.0, 1130.0, 1209.0, 923.0, 2413.0, 2096.0, 1992.0, 1107.0, 1869.0, 1483.0, 1548.0, 2260.0, 978.0, 281.0, 1538.0, 1045.0, 1065.0, 778.0, 838.0, 1967.0, 1698.0, 2120.0, 1613.0, 1812.0, 1514.0, 1351.0, 2548.0, 1162.0, 1811.0, 2298.0, 88.0, 1811.0, 1685.0, 928.0, 335.0, 526.0, 571.0, 1565.0, 928.0, 1622.0, 908.0, 1168.0, 1465.0, 2296.0, 1105.0, 848.0, 1209.0, 1836.0, 1480.0, 660.0, 190.0, 1902.0, 1163.0, 662.0, 388.0, 540.0, 995.0, 2225.0, 921.0, 1776.0, 1193.0, 1781.0, 376.0, 1602.0, 885.0, 2024.0, 2996.0, 774.0, 1082.0, 1808.0, 2675.0, 1747.0, 1606.0, 1918.0, 1972.0, 1992.0, 1932.0, 1514.0, 1143.0, 1223.0, 488.0, 1756.0, 2491.0, 1683.0, 787.0, 699.0, 1468.0, 188.0, 983.0, 969.0, 2486.0, 681.0, 461.0, 1428.0, 1347.0, 1061.0, 1844.0, 1720.0, 1412.0, 705.0, 576.0, 1519.0, 495.0, 633.0, 217.0, 882.0], [0.0, 2075.0, 1669.0, 2156.0, 465.0, 1412.0, 2404.0, 2400.0, 2681.0, 2684.0, 1478.0, 2594.0, 0.0, 1193.0, 1667.0, 1726.0, 2168.0, 2613.0, 2908.0, 1111.0, 1130.0, 3031.0, 1210.0, 705.0, 1329.0, 641.0, 1495.0, 2438.0, 1963.0, 2576.0, 2076.0, 1951.0, 1946.0, 2817.0, 2253.0, 1909.0, 1040.0, 2682.0, 1528.0, 3048.0, 2990.0, 2827.0, 2812.0, 2678.0, 2495.0, 1424.0, 1350.0, 2186.0, 2229.0, 2293.0, 2958.0, 2715.0, 2618.0, 3125.0, 2926.0, 2579.0, 2518.0, 1922.0, 2816.0, 1735.0, 2810.0, 1897.0, 1838.0, 1810.0, 3162.0, 2983.0, 2868.0, 2963.0, 2457.0, 1726.0, 3018.0, 1465.0, 2496.0, 1685.0, 3100.0, 3484.0, 2609.0, 2619.0, 1810.0, 264.0, 2137.0, 2263.0, 3370.0, 2196.0, 1767.0, 3391.0, 2196.0, 2175.0, 2686.0, 2869.0, 3078.0, 1518.0, 2827.0, 2542.0, 858.0, 1918.0, 2643.0, 1957.0, 2524.0, 2328.0, 2904.0, 514.0, 1616.0, 2616.0, 2600.0, 2932.0, 2952.0, 3050.0, 3109.0, 2214.0, 2349.0, 2776.0, 1035.0, 787.0, 3133.0, 1941.0, 796.0, 1734.0, 2985.0, 553.0, 2681.0, 2825.0, 2748.0, 2717.0, 2929.0, 2347.0, 2863.0, 1675.0, 2005.0, 2299.0, 2737.0, 1426.0, 2037.0, 975.0, 1541.0, 2797.0, 1919.0, 1569.0, 2543.0, 2443.0, 2784.0, 2553.0, 1860.0, 2934.0, 2863.0, 3034.0, 1966.0, 368.0, 1727.0, 1501.0, 1936.0, 2432.0, 2915.0, 1512.0, 3184.0, 1726.0, 892.0, 2370.0, 1991.0, 799.0, 378.0, 1131.0, 2669.0, 955.0, 894.0, 914.0, 854.0, 2190.0, 3443.0, 1500.0, 2693.0, 2818.0, 387.0, 2848.0, 2463.0, 2375.0, 1745.0, 2781.0, 2653.0, 2639.0, 383.0, 3035.0, 2437.0, 1999.0, 1594.0, 2619.0, 3463.0, 2783.0, 3030.0, 3212.0, 2463.0, 2196.0, 2099.0, 3227.0, 2810.0, 2551.0], [0.0, 1358.0, 2032.0, 1439.0, 1362.0, 1775.0, 2767.0, 1683.0, 1964.0, 1967.0, 761.0, 2156.0, 1193.0, 0.0, 951.0, 1010.0, 1451.0, 1896.0, 2596.0, 1474.0, 1493.0, 2314.0, 494.0, 1068.0, 612.0, 686.0, 779.0, 2570.0, 1246.0, 1860.0, 1360.0, 2314.0, 2309.0, 2100.0, 1537.0, 2272.0, 1402.0, 1965.0, 811.0, 3411.0, 2273.0, 2111.0, 2096.0, 3041.0, 2376.0, 1787.0, 1712.0, 1470.0, 1513.0, 1576.0, 2801.0, 1999.0, 2981.0, 2507.0, 3289.0, 1863.0, 1801.0, 1206.0, 2100.0, 2098.0, 2093.0, 1180.0, 1121.0, 1094.0, 2446.0, 2266.0, 2151.0, 2247.0, 1741.0, 1010.0, 2302.0, 1828.0, 1780.0, 968.0, 2383.0, 2767.0, 1893.0, 1903.0, 2173.0, 967.0, 2500.0, 1546.0, 3733.0, 1480.0, 2129.0, 3754.0, 1480.0, 1458.0, 2440.0, 2153.0, 2361.0, 1881.0, 3190.0, 2905.0, 931.0, 1202.0, 1926.0, 1240.0, 1808.0, 1611.0, 2187.0, 697.0, 1979.0, 1899.0, 1884.0, 3201.0, 3221.0, 2333.0, 2393.0, 1497.0, 1632.0, 2059.0, 1397.0, 1150.0, 3496.0, 1224.0, 868.0, 2097.0, 2268.0, 658.0, 2068.0, 2108.0, 2031.0, 2001.0, 2315.0, 1630.0, 2551.0, 2037.0, 2368.0, 1582.0, 2021.0, 1789.0, 2400.0, 1048.0, 1903.0, 2081.0, 1202.0, 1932.0, 1827.0, 1727.0, 2170.0, 1836.0, 1144.0, 2217.0, 2146.0, 2317.0, 1250.0, 843.0, 2090.0, 785.0, 1219.0, 1715.0, 2198.0, 1875.0, 2467.0, 1010.0, 1596.0, 2733.0, 2353.0, 1162.0, 1275.0, 415.0, 1952.0, 238.0, 1257.0, 1277.0, 1217.0, 1474.0, 2726.0, 1863.0, 1976.0, 2102.0, 1090.0, 2131.0, 2826.0, 2738.0, 2108.0, 2164.0, 1936.0, 1922.0, 819.0, 2661.0, 2617.0, 2362.0, 1957.0, 1902.0, 3826.0, 2066.0, 3393.0, 2495.0, 2732.0, 1479.0, 2462.0, 2610.0, 2193.0, 1835.0], [0.0, 565.0, 2344.0, 645.0, 1836.0, 2249.0, 2038.0, 895.0, 1171.0, 1174.0, 189.0, 1368.0, 1667.0, 951.0, 0.0, 59.0, 978.0, 1102.0, 1808.0, 1948.0, 1967.0, 1526.0, 577.0, 1542.0, 459.0, 1160.0, 632.0, 1782.0, 458.0, 1066.0, 572.0, 2747.0, 2742.0, 1307.0, 743.0, 2706.0, 1876.0, 1171.0, 895.0, 2797.0, 1485.0, 1317.0, 1302.0, 2427.0, 1587.0, 2261.0, 2186.0, 996.0, 724.0, 783.0, 2013.0, 1224.0, 2367.0, 1719.0, 2675.0, 1074.0, 1013.0, 418.0, 1311.0, 2572.0, 1299.0, 707.0, 648.0, 621.0, 1658.0, 1478.0, 1357.0, 1458.0, 952.0, 438.0, 1513.0, 2302.0, 992.0, 396.0, 1595.0, 1979.0, 1099.0, 1114.0, 2206.0, 1441.0, 2933.0, 753.0, 3119.0, 691.0, 2249.0, 3141.0, 686.0, 665.0, 1652.0, 1365.0, 1573.0, 2355.0, 2577.0, 2291.0, 1405.0, 728.0, 1152.0, 447.0, 1034.0, 818.0, 1393.0, 1171.0, 2346.0, 1111.0, 1090.0, 2412.0, 2432.0, 1545.0, 1604.0, 1024.0, 858.0, 1285.0, 1871.0, 1624.0, 2882.0, 496.0, 1342.0, 2530.0, 1474.0, 1132.0, 1280.0, 1315.0, 1238.0, 1212.0, 1527.0, 842.0, 1763.0, 2511.0, 2296.0, 789.0, 1233.0, 2263.0, 2833.0, 1522.0, 2377.0, 1293.0, 409.0, 2405.0, 1033.0, 939.0, 1382.0, 1062.0, 350.0, 1429.0, 1358.0, 1529.0, 462.0, 1316.0, 2288.0, 408.0, 425.0, 941.0, 1410.0, 2349.0, 1679.0, 656.0, 2069.0, 2142.0, 2450.0, 1636.0, 1749.0, 542.0, 1159.0, 712.0, 1731.0, 1751.0, 1691.0, 680.0, 1938.0, 2337.0, 1188.0, 1308.0, 1564.0, 1338.0, 2155.0, 2067.0, 2582.0, 1376.0, 1148.0, 1134.0, 1293.0, 1873.0, 1829.0, 2795.0, 2431.0, 1114.0, 3212.0, 1272.0, 2780.0, 1707.0, 1943.0, 686.0, 1863.0, 1821.0, 1405.0, 1046.0], [0.0, 623.0, 2403.0, 704.0, 1895.0, 2307.0, 2096.0, 954.0, 1229.0, 1233.0, 248.0, 1427.0, 1726.0, 1010.0, 59.0, 0.0, 919.0, 1161.0, 1867.0, 2006.0, 2026.0, 1585.0, 635.0, 1601.0, 517.0, 1219.0, 573.0, 1841.0, 517.0, 1125.0, 631.0, 2806.0, 2801.0, 1365.0, 802.0, 2765.0, 1935.0, 1230.0, 951.0, 2856.0, 1544.0, 1376.0, 1361.0, 2486.0, 1646.0, 2320.0, 2245.0, 937.0, 783.0, 842.0, 2072.0, 1283.0, 2426.0, 1778.0, 2734.0, 1133.0, 1072.0, 477.0, 1370.0, 2630.0, 1358.0, 648.0, 589.0, 562.0, 1717.0, 1537.0, 1416.0, 1517.0, 1011.0, 497.0, 1572.0, 2361.0, 1051.0, 455.0, 1654.0, 2038.0, 1158.0, 1173.0, 2265.0, 1500.0, 2992.0, 811.0, 3178.0, 750.0, 2308.0, 3199.0, 745.0, 724.0, 1710.0, 1423.0, 1632.0, 2414.0, 2636.0, 2350.0, 1463.0, 670.0, 1211.0, 506.0, 1092.0, 877.0, 1452.0, 1230.0, 2405.0, 1170.0, 1149.0, 2471.0, 2491.0, 1604.0, 1663.0, 965.0, 917.0, 1344.0, 1930.0, 1683.0, 2941.0, 437.0, 1401.0, 2589.0, 1533.0, 1191.0, 1339.0, 1374.0, 1296.0, 1271.0, 1586.0, 901.0, 1822.0, 2570.0, 2355.0, 848.0, 1291.0, 2322.0, 2892.0, 1581.0, 2436.0, 1352.0, 468.0, 2464.0, 1092.0, 998.0, 1441.0, 1121.0, 409.0, 1488.0, 1417.0, 1588.0, 520.0, 1375.0, 2347.0, 349.0, 484.0, 1000.0, 1469.0, 2408.0, 1738.0, 597.0, 2128.0, 2201.0, 2509.0, 1695.0, 1807.0, 600.0, 1217.0, 771.0, 1789.0, 1809.0, 1750.0, 739.0, 1997.0, 2396.0, 1247.0, 1367.0, 1623.0, 1397.0, 2214.0, 2126.0, 2641.0, 1435.0, 1207.0, 1193.0, 1352.0, 1932.0, 1888.0, 2854.0, 2490.0, 1173.0, 3271.0, 1331.0, 2839.0, 1766.0, 2002.0, 745.0, 1922.0, 1880.0, 1464.0, 1105.0], [0.0, 986.0, 2897.0, 1066.0, 2336.0, 2749.0, 2590.0, 1437.0, 1384.0, 1387.0, 1012.0, 1920.0, 2168.0, 1451.0, 978.0, 919.0, 0.0, 1240.0, 2360.0, 2448.0, 2467.0, 1931.0, 958.0, 2043.0, 938.0, 1660.0, 895.0, 2334.0, 1351.0, 1129.0, 1124.0, 3288.0, 3283.0, 1531.0, 399.0, 3247.0, 2377.0, 1431.0, 1273.0, 3350.0, 1890.0, 1541.0, 1526.0, 2980.0, 2140.0, 2761.0, 2687.0, 18.0, 1435.0, 1044.0, 2566.0, 832.0, 2920.0, 2262.0, 3228.0, 1627.0, 1566.0, 1247.0, 1864.0, 3072.0, 1524.0, 315.0, 377.0, 484.0, 2200.0, 2021.0, 1617.0, 2001.0, 1369.0, 1261.0, 2056.0, 2803.0, 1408.0, 1219.0, 2137.0, 2460.0, 1312.0, 1667.0, 2759.0, 1941.0, 3474.0, 830.0, 3672.0, 1234.0, 2802.0, 3693.0, 695.0, 674.0, 2204.0, 1891.0, 2116.0, 2855.0, 3129.0, 2844.0, 1905.0, 592.0, 759.0, 868.0, 641.0, 1014.0, 1652.0, 1671.0, 2898.0, 1654.0, 1304.0, 2965.0, 2985.0, 2087.0, 2147.0, 183.0, 466.0, 892.0, 2372.0, 2124.0, 3435.0, 769.0, 1843.0, 3071.0, 1699.0, 1632.0, 1832.0, 1234.0, 1451.0, 1739.0, 2080.0, 1395.0, 2316.0, 3012.0, 2848.0, 985.0, 1759.0, 2763.0, 3374.0, 2022.0, 2878.0, 1819.0, 826.0, 2906.0, 1246.0, 1481.0, 1935.0, 669.0, 1273.0, 1971.0, 1910.0, 2071.0, 1291.0, 1817.0, 2841.0, 679.0, 843.0, 548.0, 1952.0, 2849.0, 2161.0, 868.0, 2570.0, 2694.0, 3002.0, 2136.0, 2249.0, 1364.0, 1372.0, 1213.0, 2231.0, 2251.0, 2191.0, 689.0, 2419.0, 2837.0, 1730.0, 1522.0, 2065.0, 1551.0, 2707.0, 2619.0, 3083.0, 1918.0, 1852.0, 1838.0, 1794.0, 2426.0, 2382.0, 3336.0, 2931.0, 1640.0, 3765.0, 1486.0, 3332.0, 2233.0, 2496.0, 947.0, 2415.0, 2364.0, 1947.0, 1751.0], [0.0, 980.0, 2575.0, 1061.0, 2781.0, 3101.0, 2268.0, 715.0, 486.0, 489.0, 1135.0, 1598.0, 2613.0, 1896.0, 1102.0, 1161.0, 1240.0, 0.0, 2038.0, 2893.0, 2912.0, 1032.0, 1510.0, 2488.0, 1404.0, 2105.0, 1448.0, 2012.0, 1129.0, 111.0, 900.0, 2977.0, 2972.0, 632.0, 889.0, 2936.0, 2822.0, 532.0, 1826.0, 3028.0, 992.0, 643.0, 628.0, 2657.0, 1818.0, 3113.0, 3038.0, 1258.0, 1214.0, 684.0, 2243.0, 408.0, 2597.0, 1491.0, 2905.0, 1305.0, 1243.0, 1026.0, 1542.0, 3050.0, 625.0, 1270.0, 921.0, 1378.0, 1640.0, 1460.0, 718.0, 1440.0, 471.0, 1202.0, 1495.0, 3154.0, 510.0, 1243.0, 1577.0, 1562.0, 414.0, 1345.0, 2436.0, 2386.0, 3163.0, 588.0, 3350.0, 732.0, 2480.0, 3371.0, 724.0, 745.0, 1882.0, 992.0, 1414.0, 2728.0, 2807.0, 2522.0, 2350.0, 1486.0, 1241.0, 873.0, 599.0, 285.0, 754.0, 2116.0, 2576.0, 1321.0, 405.0, 2643.0, 2663.0, 1527.0, 1586.0, 1286.0, 947.0, 690.0, 2817.0, 2569.0, 3112.0, 794.0, 2288.0, 2761.0, 800.0, 2077.0, 1510.0, 360.0, 553.0, 840.0, 1758.0, 1073.0, 1993.0, 3163.0, 2526.0, 493.0, 860.0, 2766.0, 3064.0, 2467.0, 2703.0, 920.0, 832.0, 3351.0, 348.0, 939.0, 1612.0, 1151.0, 1218.0, 1411.0, 1588.0, 1249.0, 1070.0, 2262.0, 2519.0, 1231.0, 849.0, 1030.0, 1392.0, 3201.0, 1262.0, 1421.0, 3015.0, 2372.0, 2680.0, 2581.0, 2694.0, 1487.0, 474.0, 1658.0, 2676.0, 2696.0, 2636.0, 802.0, 1521.0, 2821.0, 1188.0, 623.0, 2510.0, 653.0, 2385.0, 2297.0, 3066.0, 1586.0, 1530.0, 1516.0, 2238.0, 2103.0, 2060.0, 3026.0, 2946.0, 742.0, 3443.0, 587.0, 3010.0, 1335.0, 2174.0, 676.0, 2093.0, 1711.0, 1552.0, 1429.0], [0.0, 1385.0, 1291.0, 1466.0, 3076.0, 1817.0, 506.0, 1565.0, 2058.0, 2061.0, 1835.0, 616.0, 2908.0, 2596.0, 1808.0, 1867.0, 2360.0, 2038.0, 0.0, 2144.0, 2125.0, 1720.0, 2222.0, 2295.0, 2104.0, 2662.0, 2375.0, 494.0, 1495.0, 2002.0, 1236.0, 1693.0, 1689.0, 2084.0, 2023.0, 1652.0, 1933.0, 1808.0, 2540.0, 1266.0, 1679.0, 2094.0, 2068.0, 895.0, 702.0, 1829.0, 1754.0, 2379.0, 1185.0, 2056.0, 295.0, 2298.0, 835.0, 971.0, 1143.0, 938.0, 876.0, 1391.0, 782.0, 1767.0, 2077.0, 2348.0, 1983.0, 2428.0, 1331.0, 1151.0, 1703.0, 1131.0, 1568.0, 1586.0, 1186.0, 1870.0, 1607.0, 1628.0, 1268.0, 1624.0, 1987.0, 978.0, 1153.0, 2682.0, 1880.0, 2026.0, 1587.0, 1362.0, 1196.0, 1609.0, 1960.0, 1939.0, 893.0, 1629.0, 1024.0, 1444.0, 1045.0, 760.0, 2728.0, 2536.0, 2431.0, 1547.0, 2309.0, 1923.0, 1988.0, 2574.0, 1292.0, 721.0, 1978.0, 881.0, 901.0, 1218.0, 1277.0, 2406.0, 2138.0, 2560.0, 1928.0, 2126.0, 1350.0, 1791.0, 2901.0, 1477.0, 2251.0, 2613.0, 528.0, 2250.0, 2125.0, 1368.0, 281.0, 966.0, 45.0, 1879.0, 1242.0, 2062.0, 1348.0, 1482.0, 1780.0, 2610.0, 1419.0, 1288.0, 1649.0, 2150.0, 1920.0, 1099.0, 426.0, 2342.0, 1603.0, 1102.0, 828.0, 979.0, 1435.0, 2540.0, 1235.0, 2216.0, 1633.0, 2220.0, 816.0, 1917.0, 1324.0, 2464.0, 3310.0, 610.0, 1396.0, 2122.0, 2989.0, 2187.0, 2046.0, 2357.0, 2287.0, 2307.0, 2247.0, 1954.0, 1583.0, 1537.0, 928.0, 2196.0, 2805.0, 2123.0, 623.0, 535.0, 1782.0, 628.0, 1423.0, 1409.0, 2801.0, 217.0, 800.0, 1742.0, 1662.0, 1501.0, 1680.0, 2160.0, 1248.0, 1145.0, 890.0, 1959.0, 809.0, 1073.0, 656.0, 1322.0], [0.0, 2355.0, 923.0, 2436.0, 1279.0, 503.0, 1640.0, 2680.0, 2961.0, 2964.0, 1758.0, 1830.0, 1111.0, 1474.0, 1948.0, 2006.0, 2448.0, 2893.0, 2144.0, 0.0, 19.0, 3110.0, 1490.0, 484.0, 1609.0, 864.0, 1776.0, 1674.0, 2243.0, 2856.0, 2357.0, 966.0, 976.0, 3097.0, 2533.0, 940.0, 232.0, 2962.0, 1808.0, 2285.0, 3069.0, 3108.0, 3093.0, 1914.0, 1731.0, 477.0, 526.0, 2466.0, 2509.0, 2573.0, 2195.0, 2996.0, 1854.0, 2361.0, 2162.0, 2328.0, 2266.0, 2203.0, 2172.0, 655.0, 3090.0, 2177.0, 2118.0, 2091.0, 2721.0, 2542.0, 3093.0, 2522.0, 2737.0, 2006.0, 2577.0, 557.0, 2777.0, 1965.0, 2658.0, 3015.0, 2889.0, 2368.0, 1024.0, 884.0, 1275.0, 2543.0, 2606.0, 2476.0, 980.0, 2628.0, 2476.0, 2455.0, 1922.0, 3020.0, 2414.0, 749.0, 2064.0, 1778.0, 1091.0, 2199.0, 2923.0, 2237.0, 2805.0, 2608.0, 3184.0, 777.0, 852.0, 2111.0, 2881.0, 2168.0, 2188.0, 2608.0, 2668.0, 2494.0, 2629.0, 3056.0, 237.0, 484.0, 2369.0, 2221.0, 1104.0, 948.0, 3265.0, 816.0, 1918.0, 3105.0, 3028.0, 2758.0, 2165.0, 2356.0, 2100.0, 581.0, 1241.0, 2579.0, 2738.0, 662.0, 1183.0, 974.0, 795.0, 2678.0, 2199.0, 476.0, 2823.0, 2490.0, 2020.0, 2833.0, 2140.0, 2492.0, 2218.0, 2370.0, 2247.0, 743.0, 941.0, 1781.0, 2216.0, 2712.0, 2206.0, 422.0, 2715.0, 2006.0, 1513.0, 1607.0, 1204.0, 312.0, 1192.0, 1412.0, 2949.0, 1235.0, 667.0, 687.0, 627.0, 2470.0, 2973.0, 754.0, 2318.0, 3099.0, 1008.0, 3128.0, 1699.0, 1611.0, 1000.0, 2018.0, 2813.0, 2799.0, 1003.0, 2272.0, 1673.0, 1145.0, 514.0, 2891.0, 2699.0, 3063.0, 2267.0, 2535.0, 1699.0, 2476.0, 1335.0, 2463.0, 2047.0, 2712.0], [0.0, 2374.0, 904.0, 2455.0, 1299.0, 483.0, 1621.0, 2699.0, 2981.0, 2984.0, 1778.0, 1810.0, 1130.0, 1493.0, 1967.0, 2026.0, 2467.0, 2912.0, 2125.0, 19.0, 0.0, 3091.0, 1510.0, 503.0, 1629.0, 884.0, 1795.0, 1655.0, 2262.0, 2876.0, 2376.0, 946.0, 957.0, 3117.0, 2553.0, 921.0, 212.0, 2981.0, 1827.0, 2265.0, 3050.0, 3127.0, 3112.0, 1895.0, 1712.0, 458.0, 507.0, 2486.0, 2529.0, 2593.0, 2175.0, 3015.0, 1835.0, 2342.0, 2143.0, 2308.0, 2247.0, 2222.0, 2152.0, 636.0, 3109.0, 2197.0, 2137.0, 2110.0, 2701.0, 2522.0, 3074.0, 2502.0, 2757.0, 2026.0, 2557.0, 538.0, 2796.0, 1984.0, 2639.0, 2995.0, 2909.0, 2348.0, 1004.0, 904.0, 1256.0, 2563.0, 2587.0, 2496.0, 961.0, 2608.0, 2496.0, 2475.0, 1903.0, 3000.0, 2395.0, 729.0, 2044.0, 1759.0, 1071.0, 2218.0, 2942.0, 2257.0, 2824.0, 2628.0, 3203.0, 796.0, 833.0, 2092.0, 2900.0, 2149.0, 2168.0, 2589.0, 2648.0, 2514.0, 2649.0, 3075.0, 217.0, 465.0, 2350.0, 2240.0, 1123.0, 928.0, 3284.0, 835.0, 1898.0, 3125.0, 3048.0, 2739.0, 2146.0, 2336.0, 2080.0, 562.0, 1222.0, 2599.0, 2719.0, 643.0, 1164.0, 954.0, 775.0, 2658.0, 2219.0, 456.0, 2843.0, 2470.0, 2000.0, 2852.0, 2160.0, 2473.0, 2199.0, 2350.0, 2266.0, 762.0, 922.0, 1801.0, 2235.0, 2731.0, 2187.0, 403.0, 2695.0, 2026.0, 1532.0, 1587.0, 1185.0, 331.0, 1212.0, 1431.0, 2968.0, 1255.0, 648.0, 668.0, 608.0, 2490.0, 2954.0, 735.0, 2298.0, 3118.0, 1027.0, 3148.0, 1680.0, 1592.0, 980.0, 1998.0, 2794.0, 2780.0, 1023.0, 2252.0, 1654.0, 1126.0, 495.0, 2872.0, 2680.0, 3082.0, 2247.0, 2515.0, 1680.0, 2496.0, 1316.0, 2444.0, 2027.0, 2692.0], [0.0, 1083.0, 2257.0, 1164.0, 3199.0, 2783.0, 1950.0, 836.0, 1033.0, 969.0, 1553.0, 1280.0, 3031.0, 2314.0, 1526.0, 1585.0, 1931.0, 1032.0, 1720.0, 3110.0, 3091.0, 0.0, 1941.0, 2906.0, 1822.0, 2523.0, 2032.0, 1694.0, 1213.0, 996.0, 984.0, 2659.0, 2655.0, 765.0, 1593.0, 2618.0, 2899.0, 630.0, 2258.0, 2710.0, 41.0, 776.0, 743.0, 2340.0, 1500.0, 2795.0, 2720.0, 1949.0, 1298.0, 1253.0, 1925.0, 1293.0, 2280.0, 962.0, 2588.0, 1310.0, 1249.0, 1110.0, 1290.0, 2733.0, 758.0, 1918.0, 1554.0, 2011.0, 1152.0, 972.0, 362.0, 952.0, 683.0, 1305.0, 1008.0, 2836.0, 722.0, 1346.0, 1089.0, 908.0, 981.0, 1350.0, 2119.0, 2804.0, 2846.0, 1221.0, 3032.0, 850.0, 2162.0, 3053.0, 1356.0, 1377.0, 1564.0, 364.0, 926.0, 2410.0, 2489.0, 2204.0, 2768.0, 2119.0, 1994.0, 1245.0, 1484.0, 917.0, 647.0, 2534.0, 2258.0, 1065.0, 972.0, 2325.0, 2345.0, 1039.0, 1099.0, 1977.0, 1700.0, 1575.0, 2894.0, 2987.0, 2795.0, 1364.0, 2706.0, 2443.0, 933.0, 2495.0, 1193.0, 1245.0, 996.0, 545.0, 1440.0, 1156.0, 1675.0, 2845.0, 2208.0, 1126.0, 565.0, 2448.0, 2746.0, 2885.0, 2386.0, 626.0, 1347.0, 3116.0, 915.0, 1023.0, 1294.0, 1904.0, 1321.0, 923.0, 1337.0, 761.0, 1154.0, 2680.0, 2201.0, 1808.0, 1330.0, 1783.0, 904.0, 2883.0, 608.0, 2053.0, 3433.0, 2055.0, 2363.0, 2999.0, 3112.0, 1905.0, 1040.0, 2076.0, 3094.0, 3114.0, 3054.0, 1435.0, 867.0, 2503.0, 859.0, 1190.0, 2928.0, 805.0, 2067.0, 1979.0, 2748.0, 1192.0, 1614.0, 1600.0, 2657.0, 1785.0, 1742.0, 2708.0, 2628.0, 412.0, 3125.0, 1097.0, 2692.0, 804.0, 1856.0, 1245.0, 1775.0, 1182.0, 1064.0, 1513.0], [0.0, 985.0, 2049.0, 1065.0, 1379.0, 1792.0, 2452.0, 1309.0, 1591.0, 1594.0, 388.0, 1782.0, 1210.0, 494.0, 577.0, 635.0, 958.0, 1510.0, 2222.0, 1490.0, 1510.0, 1941.0, 0.0, 1085.0, 119.0, 703.0, 285.0, 2196.0, 872.0, 1474.0, 986.0, 2330.0, 2325.0, 1727.0, 1067.0, 2289.0, 1419.0, 1591.0, 317.0, 3212.0, 1900.0, 1737.0, 1722.0, 2842.0, 2002.0, 1804.0, 1729.0, 976.0, 1139.0, 1203.0, 2428.0, 1505.0, 2782.0, 2134.0, 3089.0, 1489.0, 1427.0, 832.0, 1726.0, 2115.0, 1720.0, 687.0, 627.0, 600.0, 2072.0, 1893.0, 1777.0, 1873.0, 1367.0, 636.0, 1928.0, 1845.0, 1406.0, 594.0, 2010.0, 2394.0, 1519.0, 1529.0, 2189.0, 984.0, 2516.0, 1160.0, 3534.0, 1106.0, 2146.0, 3555.0, 1089.0, 1068.0, 2066.0, 1779.0, 1988.0, 1898.0, 2991.0, 2706.0, 947.0, 708.0, 1432.0, 867.0, 1314.0, 1226.0, 1813.0, 714.0, 1995.0, 1526.0, 1510.0, 2827.0, 2847.0, 1960.0, 2019.0, 1004.0, 1139.0, 1565.0, 1414.0, 1167.0, 3296.0, 730.0, 885.0, 2114.0, 1894.0, 675.0, 1694.0, 1723.0, 1658.0, 1627.0, 1942.0, 1257.0, 2177.0, 2054.0, 2384.0, 1196.0, 1647.0, 1806.0, 2417.0, 1065.0, 1920.0, 1707.0, 829.0, 1948.0, 1453.0, 1353.0, 1796.0, 1342.0, 770.0, 1843.0, 1772.0, 1943.0, 876.0, 859.0, 2107.0, 291.0, 845.0, 1221.0, 1825.0, 1892.0, 2094.0, 516.0, 1612.0, 2556.0, 2370.0, 1179.0, 1291.0, 432.0, 1579.0, 255.0, 1274.0, 1294.0, 1234.0, 1083.0, 2352.0, 1880.0, 1603.0, 1728.0, 1107.0, 1758.0, 2569.0, 2481.0, 2125.0, 1790.0, 1562.0, 1549.0, 836.0, 2287.0, 2244.0, 2379.0, 1974.0, 1528.0, 3627.0, 1692.0, 3194.0, 2122.0, 2358.0, 1106.0, 2277.0, 2236.0, 1819.0, 1461.0], [0.0, 1950.0, 1056.0, 2030.0, 874.0, 799.0, 1791.0, 2274.0, 2556.0, 2559.0, 1353.0, 1980.0, 705.0, 1068.0, 1542.0, 1601.0, 2043.0, 2488.0, 2295.0, 484.0, 503.0, 2906.0, 1085.0, 0.0, 1204.0, 459.0, 1370.0, 1825.0, 1838.0, 2451.0, 1951.0, 1337.0, 1332.0, 2692.0, 2128.0, 1296.0, 421.0, 2556.0, 1403.0, 2435.0, 2865.0, 2702.0, 2687.0, 2064.0, 1882.0, 811.0, 736.0, 2061.0, 2104.0, 2168.0, 2345.0, 2590.0, 2004.0, 2511.0, 2312.0, 2454.0, 2393.0, 1797.0, 2322.0, 1122.0, 2685.0, 1772.0, 1712.0, 1685.0, 2871.0, 2692.0, 2742.0, 2672.0, 2332.0, 1601.0, 2727.0, 852.0, 2371.0, 1559.0, 2809.0, 3165.0, 2484.0, 2494.0, 1196.0, 479.0, 1523.0, 2138.0, 2757.0, 2071.0, 1153.0, 2778.0, 2071.0, 2050.0, 2073.0, 2744.0, 2564.0, 905.0, 2214.0, 1929.0, 761.0, 1793.0, 2518.0, 1832.0, 2399.0, 2203.0, 2778.0, 372.0, 1002.0, 2261.0, 2475.0, 2318.0, 2338.0, 2759.0, 2818.0, 2089.0, 2224.0, 2650.0, 416.0, 299.0, 2519.0, 1816.0, 698.0, 1121.0, 2859.0, 410.0, 2068.0, 2700.0, 2623.0, 2592.0, 2315.0, 2222.0, 2250.0, 1059.0, 1391.0, 2174.0, 2612.0, 813.0, 1424.0, 650.0, 927.0, 2672.0, 1794.0, 954.0, 2418.0, 2318.0, 2170.0, 2428.0, 1735.0, 2642.0, 2368.0, 2520.0, 1841.0, 337.0, 1114.0, 1376.0, 1810.0, 2307.0, 2356.0, 897.0, 2865.0, 1601.0, 1108.0, 1757.0, 1377.0, 172.0, 787.0, 1006.0, 2544.0, 830.0, 406.0, 426.0, 366.0, 2065.0, 3124.0, 887.0, 2468.0, 2693.0, 602.0, 2723.0, 1850.0, 1762.0, 1132.0, 2168.0, 2527.0, 2514.0, 598.0, 2422.0, 1823.0, 1386.0, 981.0, 2494.0, 2850.0, 2657.0, 2417.0, 2685.0, 1849.0, 2071.0, 1485.0, 2614.0, 2197.0, 2426.0], [0.0, 866.0, 2167.0, 947.0, 1497.0, 1910.0, 2334.0, 1191.0, 1472.0, 1475.0, 269.0, 1664.0, 1329.0, 612.0, 459.0, 517.0, 938.0, 1404.0, 2104.0, 1609.0, 1629.0, 1822.0, 119.0, 1204.0, 0.0, 821.0, 271.0, 2078.0, 754.0, 1367.0, 868.0, 2449.0, 2444.0, 1608.0, 1044.0, 2408.0, 1538.0, 1473.0, 436.0, 3093.0, 1781.0, 1619.0, 1604.0, 2723.0, 1883.0, 1922.0, 1848.0, 957.0, 1020.0, 1084.0, 2309.0, 1486.0, 2663.0, 2015.0, 2971.0, 1370.0, 1309.0, 714.0, 1607.0, 2233.0, 1601.0, 668.0, 608.0, 581.0, 1954.0, 1774.0, 1659.0, 1754.0, 1248.0, 517.0, 1809.0, 1964.0, 1288.0, 476.0, 1891.0, 2275.0, 1400.0, 1410.0, 2308.0, 1102.0, 2635.0, 1054.0, 3415.0, 987.0, 2265.0, 3436.0, 987.0, 966.0, 1948.0, 1660.0, 1869.0, 2016.0, 2873.0, 2587.0, 1066.0, 689.0, 1413.0, 748.0, 1295.0, 1119.0, 1695.0, 832.0, 2114.0, 1407.0, 1392.0, 2708.0, 2728.0, 1841.0, 1900.0, 984.0, 1119.0, 1546.0, 1533.0, 1285.0, 3178.0, 704.0, 1004.0, 2232.0, 1776.0, 793.0, 1576.0, 1616.0, 1539.0, 1508.0, 1823.0, 1138.0, 2059.0, 2173.0, 2503.0, 1090.0, 1528.0, 1924.0, 2535.